[[-0.00375704 -0.03689817]
 [-0.04444556  0.03051135]
 [-0.01182709 -0.02374997]
 [ 0.08622635  0.09226524]
 [-0.03824188 -0.05594613]
 [-0.00034582 -0.02643461]
 [ 0.05246896  0.08774944]
 [-0.03974072 -0.02708758]
 [-0.0798992  -0.0535309 ]
 [ 0.00513164 -0.01101528]
 [ 0.01539711  0.0152467 ]
 [-0.03169507 -0.07209418]
 [-0.00311792 -0.01339528]
 [ 0.02568605  0.06902842]
 [ 0.0248182   0.01019519]
 [-0.00686778  0.00420907]
 [-0.09912482 -0.07248128]
 [-0.06272094 -0.07376169]
 [-0.02237094 -0.02811966]
 [ 0.05834869  0.0840666 ]
 [-0.01951068  0.00061429]
 [-0.06206653 -0.04692355]
 [ 0.03420512  0.00675261]
 [ 0.01267007 -0.0137024 ]
 [-0.03432923 -0.03627869]
 [ 0.04028735  0.01991974]
 [ 0.06120227  0.04512584]
 [ 0.06100086  0.06147711]
 [-0.01679531  0.01109253]
 [ 0.07078861  0.06973601]
 [-0.07246682 -0.06833181]
 [ 0.04229827  0.07941708]
 [ 0.08600784  0.0072976 ]
 [ 0.06205263  0.07872948]
 [ 0.00307035 -0.05432621]
 [ 0.01274854 -0.00508967]
 [ 0.03370385  0.06223785]
 [ 0.06545629  0.08558567]
 [ 0.02061338  0.02350673]
 [ 0.01592117  0.04109884]
 [ 0.03988914  0.01472955]
 [ 0.10112967  0.11371658]
 [-0.01513051  0.01620387]
 [ 0.03998251  0.0026304 ]
 [-0.09853214 -0.14683475]
 [-0.04314347 -0.02971652]
 [-0.10913825 -0.07943411]
 [-0.05055556 -0.0842626 ]
 [-0.0158917  -0.00837104]
 [-0.04004467 -0.05759314]
 [-0.01828432 -0.02705199]
 [-0.04652067 -0.10056136]
 [ 0.03599665  0.0361017 ]
 [-0.05948807 -0.05271538]
 [-0.04877775 -0.03116756]
 [ 0.05549593  0.0856242 ]
 [ 0.02827628  0.04751294]
 [-0.00852347 -0.00795729]
 [-0.01899621 -0.00265788]
 [-0.00869888 -0.02490668]
 [-0.07651178 -0.05352932]
 [-0.02172403 -0.03356509]
 [-0.01536377 -0.02340005]
 [ 0.04293188 -0.02272323]
 [-0.00711441 -0.02720276]
 [ 0.00615311  0.03263119]
 [ 0.00761889  0.0302496 ]
 [ 0.10609598  0.11731363]
 [-0.03968494 -0.05082339]
 [-0.03287695  0.00038652]
 [-0.07038219 -0.08554694]
 [-0.01186897  0.00451997]
 [-0.01237952 -0.02174045]
 [-0.06853679 -0.03934077]
 [ 0.07113786  0.06861231]
 [ 0.08500057  0.08297595]
 [ 0.0540591   0.023767  ]
 [ 0.01681457  0.01555011]
 [-0.00572491  0.01406935]
 [-0.0244494  -0.02470934]
 [-0.03182235 -0.02118743]
 [ 0.06408694  0.04187897]
 [-0.08045666 -0.02720049]
 [-0.02968647 -0.0438983 ]
 [-0.01667404 -0.01812226]
 [ 0.03499451  0.01739075]
 [ 0.02967226  0.02547164]
 [-0.03866248 -0.0668391 ]
 [ 0.01687915 -0.01055666]
 [ 0.02250851  0.00775549]
 [ 0.01075962  0.0252177 ]
 [ 0.01755431 -0.02062825]
 [ 0.0133854  -0.02224765]
 [ 0.0103875   0.02653154]
 [-0.07231195 -0.07676031]
 [ 0.02504706  0.04345056]
 [ 0.10509619  0.08405217]
 [-0.0191088  -0.05307586]
 [-0.07133791 -0.0759066 ]
 [ 0.05511595  0.0869649 ]
 [ 0.01673638  0.00708103]
 [-0.05732693 -0.0603755 ]
 [ 0.06878419 -0.03168735]
 [-0.02489478 -0.00090833]
 [ 0.05194394  0.02453964]
 [-0.06656935 -0.04722761]
 [ 0.04000279 -0.00257685]
 [ 0.05867856  0.0271028 ]
 [ 0.06762848  0.06633812]
 [-0.04233457 -0.01515873]
 [-0.03125481 -0.04474488]
 [ 0.04174744  0.06146045]
 [ 0.00231257  0.00778485]
 [ 0.10143812  0.1010018 ]
 [ 0.12310683  0.09332035]
 [-0.0166781  -0.0074208 ]
 [-0.021506   -0.00253803]
 [-0.03046175 -0.06245204]
 [-0.0062366  -0.00683727]
 [-0.060173   -0.023594  ]
 [-0.01297145 -0.0145704 ]
 [ 0.00264964 -0.01969879]
 [ 0.04263795  0.07551109]
 [-0.07101979 -0.08226433]
 [-0.06486222 -0.06991175]
 [-0.06162086 -0.08336393]
 [ 0.05495923  0.07495974]
 [ 0.01700197  0.01048532]
 [-0.02620798 -0.0424168 ]
 [ 0.01035029 -0.01378968]
 [-0.07138067 -0.0561332 ]
 [ 0.06195864  0.08363219]
 [-0.07278868 -0.03690524]
 [ 0.04266487  0.01686995]
 [ 0.04955028  0.04620843]
 [-0.05740254 -0.04250611]
 [-0.03022876 -0.02124717]
 [-0.04249899 -0.024037  ]
 [ 0.03866937  0.07506164]
 [ 0.04302771  0.08293524]
 [ 0.05021303  0.04961506]
 [-0.02121422 -0.04157024]
 [-0.04295152 -0.05505005]
 [-0.04175344 -0.01027283]
 [ 0.0845646   0.07154067]
 [ 0.0359612   0.06630655]
 [ 0.02555356  0.01297704]
 [ 0.01394256  0.00593396]
 [ 0.11029252  0.0616065 ]
 [-0.01188968 -0.00659376]
 [ 0.03362791  0.00885387]
 [ 0.04246096  0.02034162]
 [ 0.05334018  0.04592024]
 [ 0.05183336  0.04528942]
 [-0.05048285 -0.04772102]
 [-0.00456522 -0.02936185]
 [-0.02783209  0.02377898]
 [-0.07439403 -0.06958437]
 [-0.06757551 -0.06661254]
 [-0.0251521  -0.01104095]
 [-0.07830798 -0.05318505]
 [-0.09291681 -0.0833306 ]
 [ 0.07938536  0.11720313]
 [ 0.09798077  0.07819691]
 [-0.00963595 -0.02188877]
 [ 0.06197559  0.07631998]
 [-0.01825682  0.02723813]
 [-0.04204728 -0.02059784]
 [-0.00481283 -0.01598178]
 [-0.06977775 -0.05455651]
 [-0.00424488 -0.00124954]
 [-0.04018415 -0.05036459]
 [-0.06132869 -0.0552222 ]
 [-0.05214389 -0.04803377]
 [-0.00940311  0.00720044]
 [-0.06004253 -0.03876135]
 [ 0.04000991  0.05771219]
 [-0.0016729   0.01101812]
 [ 0.03988577  0.06145061]
 [ 0.01657512  0.01541429]
 [-0.0022651  -0.00083857]
 [-0.1000195  -0.08262184]
 [-0.03192478 -0.01918745]
 [ 0.05351181  0.09136994]
 [-0.02474133 -0.03423178]
 [ 0.03456509  0.01194671]
 [-0.0768604  -0.08697951]
 [-0.04616793  0.00395222]
 [-0.01689781 -0.06278619]
 [ 0.02367738  0.04230356]
 [ 0.00601982  0.01074995]
 [ 0.0861038   0.09382771]
 [ 0.02289715  0.00423441]
 [ 0.02707498  0.01120306]
 [ 0.04413338  0.03242243]]
[[ -2.42251846e-04  -2.79969074e-03]
 [ -8.03130571e-03  -4.44413548e-03]
 [ -7.59715320e-03  -3.93360868e-03]
 [ -1.35235116e-02  -2.17894848e-03]
 [ -1.30767557e-02  -1.68856909e-03]
 [ -9.49656830e-03  -1.11271282e-02]
 [ -7.58892140e-03  -3.62921794e-03]
 [ -1.26443456e-02  -1.38213886e-02]
 [ -1.46836555e-02  -1.75525818e-02]
 [ -2.20716632e-03   3.28300525e-03]
 [ -1.23580159e-02  -4.74171546e-03]
 [ -1.29153048e-02  -6.18208291e-03]
 [ -6.60470906e-03  -1.07189557e-02]
 [ -9.68806608e-03  -1.88946662e-02]
 [ -1.14778381e-02  -1.32928284e-02]
 [ -1.98046969e-02  -2.10049344e-02]
 [ -2.72848750e-02  -3.19992275e-02]
 [  1.21727634e-02   7.29980835e-03]
 [  4.63903327e-03   1.07392630e-02]
 [  1.47380396e-02   1.09440348e-02]
 [  3.44672730e-03   5.98955910e-03]
 [  8.50663590e-03   3.80410397e-03]
 [  1.03116364e-02   4.65722636e-03]
 [  7.43823979e-03   2.84800320e-03]
 [  8.07282924e-03  -1.59115759e-04]
 [  7.45559355e-03   7.66495386e-03]
 [  8.83411384e-03   5.54792365e-03]
 [ -1.06957027e-04  -1.00807588e-03]
 [  7.86102430e-03   5.30834911e-03]
 [  1.31260279e-03  -2.33412894e-04]
 [  1.19334198e-02   6.54331266e-03]
 [  5.78780525e-03   2.90814240e-03]
 [  7.71038455e-03   8.30708883e-04]
 [  1.00997126e-02   1.65063798e-03]
 [  9.87519915e-03   4.69501276e-03]
 [  9.00847939e-03   2.45288677e-03]
 [  1.09429889e-02   8.24696707e-03]
 [  7.60833124e-03   1.03306581e-02]
 [  6.18322682e-03   9.38937854e-03]
 [  4.37231617e-03   1.00188451e-02]
 [ -4.28587593e-03  -3.67935613e-04]
 [ -3.50728424e-03  -3.38913985e-03]
 [ -1.43117321e-02  -5.98882155e-03]
 [ -1.57552046e-02  -7.41135445e-03]
 [ -2.49042137e-02  -1.98999876e-02]
 [ -1.02647384e-02  -9.23604855e-03]
 [ -1.01352751e-02  -4.36546293e-03]
 [ -7.41877115e-03  -3.67009517e-03]
 [ -1.19511136e-02  -1.01880297e-02]
 [ -1.23466745e-02  -3.79296127e-03]
 [ -1.86286972e-02  -1.51035001e-02]
 [ -2.64039200e-02  -3.25887072e-02]
 [ -1.27698644e-02  -1.21432028e-02]
 [ -9.03285778e-03  -2.86225183e-03]
 [ -9.29481765e-03  -5.99158338e-03]
 [ -9.71929683e-03  -4.83524433e-03]
 [  7.79201311e-03   1.58111105e-02]
 [ -1.24142383e-02  -1.55359128e-02]
 [  1.81062201e-03   1.21489250e-02]
 [ -1.59972041e-02  -1.88315931e-02]
 [ -2.13705878e-02  -2.37343580e-02]
 [ -1.64014686e-02  -1.93932017e-02]
 [ -5.38114085e-03  -1.05835588e-03]
 [ -1.37416869e-02  -1.99799441e-02]
 [ -8.82213113e-03  -1.35110260e-02]
 [  8.10878585e-03   1.31129928e-02]
 [  8.79212650e-03   1.34464857e-02]
 [ -4.51758928e-03  -2.33420742e-03]
 [  8.49836261e-03   1.85876854e-02]
 [ -2.00935660e-03   1.78739939e-02]
 [ -2.66012435e-03   1.74185480e-03]
 [ -1.10496756e-02  -1.03380139e-02]
 [ -1.81496792e-02  -1.38698730e-02]
 [  1.07066257e-02   1.02070159e-02]
 [  1.42564214e-03   8.47189405e-03]
 [  8.97544312e-03   5.15567615e-03]
 [  5.79562471e-04  -5.03608706e-03]
 [ -2.18911461e-02  -1.65770480e-02]
 [ -9.02202137e-03  -7.62042683e-03]
 [ -1.99043414e-02  -2.10632810e-02]
 [ -2.53577571e-02  -2.90540127e-02]
 [ -3.93981472e-03   3.21852697e-03]
 [  1.37699402e-02   1.79789796e-02]
 [ -2.71599501e-03   2.95018326e-03]
 [  1.45550575e-02   1.65111995e-02]
 [  1.75410670e-02   1.03243523e-02]
 [  1.65994954e-02   1.69341244e-02]
 [  1.45687423e-02   1.28995872e-02]
 [  1.19784111e-02   8.47944853e-03]
 [ -4.59541058e-03  -1.79853533e-03]
 [ -5.21153500e-03   1.83469647e-03]
 [ -4.31396519e-03  -1.05948296e-02]
 [  9.37164865e-03   1.44747292e-02]
 [  5.07142286e-03   2.92264261e-03]
 [ -1.21241945e-03   1.34381816e-03]
 [  8.68152452e-03   9.15154545e-03]
 [  1.15667976e-02   6.39799164e-03]
 [  1.03650392e-02   1.39032668e-02]
 [  4.69678946e-03   8.62813718e-03]
 [  9.07820712e-03   6.60180377e-03]
 [  5.26479344e-03  -5.15841671e-04]
 [  3.12392573e-04  -5.37288347e-03]
 [  2.47997435e-03  -9.02385535e-04]
 [  1.53959855e-03  -8.02108556e-03]
 [ -2.34313370e-03  -4.05118075e-03]
 [  3.69436096e-03   1.39158286e-02]
 [ -8.13473970e-04  -7.10975885e-03]
 [  4.27692262e-03  -6.81691675e-03]
 [  2.75107354e-03  -9.23698744e-03]
 [ -8.14447905e-04  -4.26760426e-03]
 [  2.77755549e-03   6.09859735e-03]
 [  8.76890945e-03   2.00145773e-03]
 [  3.01149164e-03   7.81834797e-03]
 [ -3.09176599e-03  -3.55882322e-04]
 [  6.09793417e-03   6.01207947e-03]
 [ -5.97991365e-04  -5.53312239e-03]
 [  1.69712371e-02   1.94098415e-02]
 [ -3.52500273e-03  -1.24591831e-02]
 [ -8.17190163e-03  -1.06036169e-02]
 [  4.84833547e-03   5.71441845e-03]
 [  1.13891778e-04   5.16419253e-03]
 [ -2.61750233e-03  -3.23153622e-03]
 [  3.21104643e-03  -2.62403900e-03]
 [  8.48483097e-03   2.16987549e-03]
 [  7.48474404e-03   3.23559986e-03]
 [  9.92496766e-03   4.84638500e-03]
 [ -9.22246021e-04  -3.43154372e-03]
 [  1.19193645e-02   4.89574499e-03]
 [ -8.26915305e-03  -1.16967897e-02]
 [  1.35116429e-02   3.79821444e-03]
 [  1.48130022e-02   1.29242116e-02]
 [  2.00935204e-02   2.39235466e-02]
 [  9.19894269e-03   1.90270791e-03]
 [ -3.42132688e-03   3.85805753e-03]
 [ -1.60719567e-03  -6.31993690e-03]
 [ -2.94507705e-03   4.71168667e-03]
 [  1.11863428e-02   4.06178692e-03]
 [  1.75516827e-02   2.13363053e-02]
 [  7.99224613e-03   4.65829712e-03]
 [  8.21183728e-03   1.51768393e-02]
 [  3.04053698e-03   7.77387183e-04]
 [  1.00011300e-02   4.54905595e-03]
 [  3.83658225e-03   3.56785632e-03]
 [ -1.35756890e-03  -6.84563891e-03]
 [ -4.98224335e-03   4.19929783e-04]
 [ -4.76612072e-03   1.00706012e-03]
 [ -1.13589667e-02  -1.50274512e-02]
 [  5.32978397e-03   8.63954028e-03]
 [ -4.96961800e-03   1.26104052e-02]
 [  1.67548642e-03   1.53776895e-02]
 [ -2.30743695e-04   9.23187511e-03]
 [ -9.58701971e-03  -4.64677383e-03]
 [ -2.51010460e-03   5.53174132e-03]
 [ -1.91012503e-03  -8.18184343e-03]
 [ -3.58251944e-03  -2.30569872e-05]
 [ -5.73955607e-03   1.66601725e-03]
 [  7.42280072e-03   6.54962345e-03]
 [ -2.80396876e-03  -5.78778112e-03]
 [  1.08155363e-03  -2.48302607e-03]
 [ -1.05103043e-02  -6.97885376e-03]
 [ -3.72692039e-04   5.50541459e-04]
 [ -6.73501029e-03  -9.87125703e-03]
 [  4.36172803e-03   2.51753394e-04]
 [ -1.49761569e-03   2.55229054e-03]
 [  1.40033280e-02   1.05403666e-02]
 [  1.39023048e-02   1.40571020e-02]
 [ -6.05254074e-03  -5.83264885e-03]
 [  9.46855347e-04  -7.75045523e-04]
 [  4.95773812e-03   6.91565372e-04]
 [  4.10750407e-03  -4.19366863e-03]
 [ -5.18177981e-03  -7.73994574e-03]
 [  5.60764357e-03  -4.03399637e-03]
 [  6.04697260e-03  -6.09000447e-03]
 [  1.71466784e-03  -1.06045069e-02]
 [ -2.32846049e-04   3.49083331e-03]
 [  6.01079692e-03   8.65561640e-03]
 [  6.65390486e-03   4.32895847e-03]
 [  2.81011190e-03   8.07041530e-03]
 [  1.09633256e-03   5.34195835e-03]
 [  7.06207121e-03   9.96702019e-03]
 [  1.47045137e-03  -2.85313689e-03]
 [  1.16620080e-03  -4.91579851e-03]
 [ -7.69349666e-03  -1.54048064e-02]
 [  2.42317800e-03   1.94264330e-03]
 [  3.24977451e-03   6.59361963e-03]
 [ -6.86031965e-04   6.05495483e-03]
 [ -3.67489702e-03  -1.04622477e-03]
 [ -1.01773599e-02  -7.64420958e-03]
 [  9.67596255e-03   4.09959357e-03]
 [  9.22446580e-03   1.13487309e-02]
 [  1.43071375e-02   9.78424024e-03]
 [  9.05144529e-03   1.93945170e-02]
 [  3.27316024e-04   1.14239711e-03]
 [  1.47080201e-02   8.05845094e-03]
 [ -1.15785801e-04  -5.63993422e-03]]
0.96150027837
